3.031353088781994487e-71
1.676187766771289334e-70
2.404122371938933629e-61
4.197727249967458680e-73
1.085141976521648272e-77
1.932587400238893668e-80
4.712886936429244144e-65
1.330623120064280887e-67
1.005700054610866631e-61
1.375746113612012038e-54
1.285142349625461160e-71
4.611750087788386950e-62
5.442391550998564527e-66
3.952385085793943190e-58
2.876856421507547128e-60
3.615422488599033499e-65
7.037810678575553816e-63
8.642478739848035464e-69
9.039446209957357533e-56
5.296575975626154635e-51
1.504194550474929570e-48
6.495506170636618763e-54
5.266121885603369169e-60
2.965444403024676813e-56
9.512153483903264865e-57
7.510645842736781418e-47
5.483864255221838300e-53
3.158188815251089378e-47
1.723943919927213272e-49
2.978472780271280104e-46
2.719163781462409028e-44
8.614207327718792537e-52
1.335044966161462514e-49
2.553077512689115629e-35
2.617978861559828600e-39
1.248164508614592909e-41
2.856748975573248905e-41
1.437401401436501603e-34
2.024604036403499776e-40
3.283165822079771710e-34
1.369905924144784270e-43
2.285644150231643071e-42
2.442477045359139603e-38
3.603965867269656245e-41
3.613882404710688850e-35
3.560762782299779600e-39
1.680278917935086019e-36
2.191290879517406306e-40
1.609008803911574810e-35
5.185473290569968315e-32
1.056285752394739445e-35
1.745203097837170402e-33
5.751228075435070379e-33
2.778926384284717123e-31
2.793157775798314236e-36
4.931146211840346319e-32
2.082475833923885160e-34
3.772357457450905961e-33
3.252680647989382499e-32
1.846871806634842255e-35
4.512498040182557654e-31
1.552896596861848492e-29
3.331477262446880725e-28
7.573667004270075178e-30
5.427677915960940616e-32
3.025140684849552408e-30
4.534708942226669171e-31
5.953194389155253647e-30
1.653527421235668390e-28
1.875312238815914508e-30
1.118035531530290330e-25
6.962358966030753410e-32
8.173844849806264365e-30
1.109765505180058636e-26
2.420854066733375983e-26
3.519114113604891411e-27
2.508268711183116159e-26
4.051121110768655014e-27
1.789885814137144834e-27
1.049198381599739522e-24
3.330128539114290666e-27
1.968691244524614645e-25
1.847192747634979956e-25
1.016623518196639888e-24
1.127701248557135271e-25
3.689134032392018233e-25
4.187110045009555561e-25
1.624454670455463447e-24
1.255014418510500864e-22
7.283513217119332461e-25
4.050242297726430178e-25
1.140753114122996106e-23
2.050744435449435222e-22
2.416022831303449166e-23
6.518017997424813723e-24
1.701855499994182040e-22
1.584552210723232781e-23
2.388031954421108384e-23
6.702800408507664869e-22
2.187455931631498811e-22
