1.000000000000000000e+02
1.023531021899025859e+02
1.047615752789665180e+02
1.072267222010323167e+02
1.097498765493055686e+02
1.123324032978027702e+02
1.149756995397735579e+02
1.176811952434999142e+02
1.204503540258782408e+02
1.232846739442065882e+02
1.261856883066021027e+02
1.291549665014883885e+02
1.321941148466028721e+02
1.353047774579807481e+02
1.384886371393873219e+02
1.417474162926804695e+02
1.450828778495940128e+02
1.484968262254465117e+02
1.519911082952933157e+02
1.555676143930472222e+02
1.592282793341092315e+02
1.629750834620643332e+02
1.668100537200059250e+02
1.707352647470690385e+02
1.747528400007682876e+02
1.788649529057435075e+02
1.830738280295367701e+02
1.873817422860385022e+02
1.917910261672488730e+02
1.963040650040270521e+02
2.009233002565048025e+02
2.056512308348651459e+02
2.104904144512019855e+02
2.154434690031884543e+02
2.205130739903045480e+02
2.257019719633921397e+02
2.310129700083160458e+02
2.364489412645407072e+02
2.420128264794383313e+02
2.477076355991711409e+02
2.535364493970111539e+02
2.595024211399737055e+02
2.656087782946686957e+02
2.718588242732940330e+02
2.782559402207126027e+02
2.848035868435802058e+02
2.915053062825175516e+02
2.983647240283340238e+02
3.053855508833415797e+02
3.125715849688235153e+02
3.199267137797384635e+02
3.274549162877728463e+02
3.351602650938841066e+02
3.430469286314919373e+02
3.511191734215130964e+02
3.593813663804625662e+02
3.678379771828634262e+02
3.764935806792467474e+02
3.853528593710527161e+02
3.944206059437656222e+02
4.037017258596553688e+02
4.132012400115338551e+02
4.229242874389498752e+02
4.328761281083061476e+02
4.430621457583882261e+02
4.534878508128581984e+02
4.641588833612781855e+02
4.750810162102798131e+02
4.862601580065353346e+02
4.977023564332113779e+02
5.094138014816380178e+02
5.214008287999683944e+02
5.336699231206312106e+02
5.462277217684342077e+02
5.590810182512223037e+02
5.722367659350220492e+02
5.857020818056666940e+02
5.994842503189408944e+02
6.135907273413175744e+02
6.280291441834252737e+02
6.428073117284319551e+02
6.579332246575681893e+02
6.734150657750820983e+02
6.892612104349694846e+02
7.054802310718645231e+02
7.220809018385464242e+02
7.390722033525775032e+02
7.564633275546290179e+02
7.742636826811269657e+02
7.924828983539177898e+02
8.111308307896872520e+02
8.302175681319744172e+02
8.497534359086446329e+02
8.697490026177833897e+02
8.902150854450392217e+02
9.111627561154896284e+02
9.326033468832199560e+02
9.545484566618347344e+02
9.770099572992256753e+02
1.000000000000000000e+03
