1.500493051865402272e+01
8.571230792227078510e+00
6.008351475313213896e+00
4.620242715703168024e+00
3.751857984078273311e+00
3.151503643195186832e+00
2.736514519158507852e+00
2.400183385832773464e+00
2.141217856734533687e+00
1.934768572034669898e+00
1.763696682884958289e+00
1.622451144809871071e+00
1.501140327687314979e+00
1.394908368186247971e+00
1.300208904899889939e+00
1.221842258684590954e+00
1.156319006471767219e+00
1.090014276627687240e+00
1.035911291727203754e+00
9.847043361904466163e-01
9.363081229604057754e-01
8.961160736935921411e-01
